2.83 3.66
2.83 3.67
2.83 3.69
2.83 3.70
2.83 3.72
2.83 3.73
2.83 3.75
2.83 3.76
2.83 3.78
2.83 3.79
2.83 3.81
2.83 3.82
2.83 3.84
2.83 3.85
2.83 3.87
2.83 3.88
2.83 3.90
2.83 3.91
2.83 3.93
2.83 3.94
2.83 3.96
2.83 3.97
2.83 3.99
2.83 4.00
2.83 4.02
2.83 4.03
2.83 4.05
2.83 4.06
2.83 4.08
2.83 4.09
2.83 4.11
2.83 4.12
2.83 4.14
2.83 4.15
2.83 4.17
2.83 4.18
2.83 4.20
2.83 4.21
2.83 4.23
2.83 4.24
2.83 4.26
2.85 3.48
2.85 3.49
2.85 3.58
2.85 4.42
2.85 4.44
2.85 4.45
2.86 3.31
2.86 4.34
2.87 3.39
2.88 3.19
2.88 4.54
2.88 4.63
2.88 4.69
2.88 4.71
2.88 4.72
2.88 4.74
2.88 4.75
2.88 4.77
2.89 3.03
2.89 3.25
2.89 4.78
2.89 4.80
2.89 4.81
2.89 4.83
2.89 4.84
2.89 4.86
2.90 3.11
2.91 3.01
2.91 4.87
2.92 2.85
2.93 2.93
2.93 4.96
2.94 2.82
2.94 2.83
2.94 5.04
2.94 5.07
2.94 5.08
2.94 5.10
2.95 2.74
2.95 2.76
2.95 2.77
2.95 2.79
2.95 2.80
2.95 5.05
2.95 5.11
2.95 5.13
2.95 5.14
2.95 5.16
2.95 5.17
2.97 2.71
2.97 2.73
2.98 2.67
2.98 2.68
2.98 2.70
2.99 5.25
3.00 2.65
3.00 5.34
3.00 5.35
3.00 5.37
3.01 5.38
3.01 5.40
3.01 5.41
3.01 5.43
3.03 5.44
3.03 5.46
3.03 5.47
3.04 5.49
3.04 5.50
3.05 2.57
3.06 2.50
3.07 5.56
3.09 5.62
3.09 5.65
3.09 5.67
3.12 2.43
3.13 5.75
3.15 2.35
3.15 5.83
3.15 5.85
3.15 5.86
3.16 5.88
3.16 5.89
3.20 5.97
3.22 6.06
3.23 2.27
3.24 6.07
3.24 6.09
3.24 6.10
3.25 6.12
3.25 6.13
3.27 2.19
3.30 6.21
3.31 6.30
3.33 6.31
3.34 2.14
3.38 6.38
3.40 6.44
3.43 6.52
3.43 6.54
3.44 2.04
3.45 6.55
3.45 6.57
3.51 6.65
3.54 6.73
3.54 6.75
3.55 6.76
3.55 6.78
3.56 1.95
3.57 6.79
3.58 6.81
3.58 6.82
3.60 6.84
3.61 6.85
3.61 6.87
3.63 6.88
3.63 6.90
3.64 1.87
3.64 6.91
3.66 1.86
3.66 6.93
3.67 1.86
3.69 1.86
3.71 1.86
3.71 7.01
3.75 7.09
3.75 7.11
3.76 7.12
3.78 7.14
3.79 1.80
3.81 1.80
3.82 1.78
3.84 1.78
3.84 7.20
3.84 7.23
3.85 1.78
3.87 1.77
3.88 1.77
3.90 1.75
3.91 1.75
3.91 7.30
3.93 1.74
3.94 1.74
3.96 1.74
3.97 1.74
3.99 1.72
4.00 1.72
4.02 7.45
4.02 7.46
4.04 7.48
4.06 7.50
4.06 7.51
4.09 1.71
4.11 7.59
4.12 7.60
4.12 7.62
4.14 7.63
4.15 7.65
4.15 7.66
4.17 1.66
4.17 7.66
4.18 1.66
4.18 7.68
4.20 1.65
4.21 1.65
4.23 1.63
4.27 7.77
4.28 7.78
4.31 1.63
4.35 7.86
4.35 7.87
4.36 7.89
4.38 7.90
4.39 1.57
4.39 7.92
4.41 1.57
4.41 7.93
4.42 1.57
4.42 7.93
4.44 1.57
4.47 1.56
4.48 1.56
4.48 1.57
4.50 1.54
4.51 1.54
4.53 1.53
4.54 1.53
4.55 8.06
4.56 1.53
4.57 1.51
4.65 1.51
4.69 8.20
4.72 8.25
4.74 8.26
4.75 8.28
4.77 8.29
4.81 1.46
4.85 8.34
4.90 1.42
4.90 8.41
4.92 1.42
4.92 8.43
4.93 1.41
4.93 8.44
4.95 8.46
4.96 8.46
4.98 8.47
4.98 8.49
5.02 1.41
5.06 8.53
5.10 1.36
5.11 1.36
5.11 8.61
5.13 1.36
5.13 8.61
5.14 1.35
5.14 8.62
5.16 1.35
5.16 8.64
5.17 1.35
5.17 8.64
5.19 1.35
5.20 1.33
5.22 1.33
5.23 1.33
5.25 8.69
5.27 8.70
5.27 8.71
5.28 8.71
5.31 1.32
5.35 8.79
5.37 8.80
5.38 8.82
5.40 1.29
5.40 8.82
5.41 1.27
5.41 8.83
5.43 1.27
5.43 8.85
5.44 8.86
5.46 8.88
5.47 8.88
5.51 1.27
5.56 8.93
5.59 1.23
5.61 1.23
5.62 1.23
5.64 1.23
5.64 9.01
5.65 1.21
5.65 9.01
5.67 1.21
5.67 9.03
5.68 1.20
5.70 1.20
5.71 1.20
5.71 9.03
5.73 1.20
5.74 1.20
5.76 1.18
5.77 1.18
5.77 9.10
5.79 1.18
5.80 1.18
5.82 1.17
5.83 1.17
5.85 1.17
5.85 9.14
5.86 1.17
5.88 1.15
5.89 1.15
5.91 1.15
5.97 9.22
5.99 1.15
5.99 9.23
6.07 1.11
6.07 9.30
6.09 1.11
6.09 9.31
6.10 1.09
6.10 9.33
6.12 1.09
6.12 9.33
6.13 1.09
6.13 9.34
6.15 1.09
6.15 9.34
6.16 1.09
6.18 1.08
6.19 1.08
6.23 9.38
6.28 1.08
6.31 9.45
6.33 9.46
6.34 9.46
6.36 1.03
6.36 9.48
6.37 1.03
6.37 9.49
6.39 1.03
6.39 9.49
6.40 1.03
6.40 9.51
6.48 1.03
6.49 9.53
6.51 1.03
6.57 9.60
6.60 0.99
6.61 0.97
6.63 0.97
6.64 0.97
6.65 9.63
6.66 0.97
6.67 0.97
6.73 0.97
6.74 9.67
6.81 0.94
6.82 0.94
6.82 9.73
6.84 0.93
6.84 9.75
6.85 0.93
6.85 9.75
6.87 9.76
6.88 9.76
6.90 9.76
6.94 0.94
6.99 9.79
7.00 0.91
7.06 9.85
7.08 9.87
7.09 0.91
7.09 9.87
7.11 9.88
7.12 9.88
7.14 9.88
7.15 9.90
7.17 0.88
7.17 9.90
7.18 0.88
7.25 9.92
7.26 0.88
7.33 9.97
7.35 0.85
7.35 9.99
7.36 0.85
7.38 0.85
7.39 0.84
7.41 0.84
7.42 9.99
7.43 10.00
7.47 10.03
7.48 10.03
7.49 0.84
7.50 10.05
7.51 10.05
7.53 10.06
7.54 10.06
7.57 0.81
7.59 0.81
7.60 0.81
7.62 0.81
7.63 0.81
7.63 10.08
7.64 10.09
7.65 0.79
7.66 0.79
7.68 0.79
7.69 0.79
7.71 0.79
7.72 0.79
7.72 10.14
7.74 0.78
7.75 0.78
7.77 0.78
7.78 10.14
7.85 0.78
7.86 0.78
7.87 0.78
7.87 10.20
7.89 10.20
7.90 10.20
7.92 10.21
7.93 10.21
7.96 0.75
7.98 0.75
7.99 0.75
8.01 0.73
8.02 0.73
8.02 10.23
8.04 0.73
8.05 0.73
8.07 0.73
8.09 0.74
8.15 0.73
8.15 10.27
8.16 0.73
8.24 10.30
8.25 0.70
8.26 0.70
8.28 0.70
8.29 0.70
8.32 10.35
8.34 10.35
8.35 10.35
8.37 0.71
8.37 10.36
8.38 10.36
8.40 10.36
8.41 10.38
8.43 10.38
8.44 10.38
8.46 0.69
8.46 10.38
8.47 0.69
8.49 0.67
8.50 0.67
8.52 0.67
8.53 0.67
8.54 10.39
8.55 0.67
8.56 0.67
8.62 10.42
8.64 10.42
8.65 0.68
8.65 10.44
8.67 10.44
8.68 10.45
8.70 10.45
8.71 10.45
8.73 10.45
8.74 10.45
8.76 10.47
8.77 10.47
8.78 0.67
8.79 10.47
8.80 10.47
8.82 10.48
8.86 0.64
8.88 0.64
8.89 0.64
8.90 10.48
8.91 0.64
8.92 0.63
8.96 0.64
8.97 10.51
8.98 10.51
9.00 10.51
9.01 10.53
9.03 0.63
9.03 10.53
9.11 0.64
9.11 10.53
9.19 0.61
9.19 10.56
9.21 10.56
9.22 10.57
9.24 10.57
9.25 10.57
9.27 0.63
9.27 10.57
9.28 10.57
9.36 0.60
9.37 0.60
9.37 10.58
9.37 10.59
9.39 0.60
9.45 10.59
9.47 0.61
9.52 10.62
9.54 10.62
9.55 0.58
9.55 10.63
9.57 0.58
9.57 10.63
9.65 0.60
9.65 10.62
9.73 0.57
9.73 10.65
9.75 0.57
9.75 10.66
9.76 0.57
9.76 10.66
9.78 0.57
9.78 10.66
9.79 0.57
9.79 10.66
9.81 0.57
9.81 10.66
9.82 0.57
9.90 0.58
9.90 10.66
9.97 10.68
9.99 0.55
9.99 10.68
10.00 0.55
10.00 10.68
10.02 0.55
10.02 10.69
10.03 0.55
10.03 10.69
10.05 0.55
10.05 10.69
10.06 0.55
10.06 10.69
10.08 0.55
10.08 10.69
10.09 0.55
10.11 0.55
10.12 0.55
10.16 10.68
10.20 0.55
10.24 10.71
10.26 0.54
10.26 10.71
10.29 0.54
10.30 0.54
10.32 0.54
10.33 0.54
10.33 0.55
10.34 10.70
10.35 0.54
10.36 0.54
10.38 0.54
10.39 0.54
10.39 0.55
10.41 0.54
10.42 0.54
10.42 10.72
10.44 0.54
10.44 10.72
10.45 10.72
10.47 0.54
10.47 10.72
10.48 0.54
10.48 10.72
10.50 0.54
10.50 10.72
10.51 0.54
10.51 10.72
10.53 0.54
10.53 10.72
10.54 0.54
10.56 0.54
10.60 10.71
10.64 0.55
10.69 10.74
10.71 10.74
10.72 0.52
10.72 10.74
10.74 0.52
10.74 10.74
10.75 0.52
10.75 10.74
10.77 0.52
10.77 10.74
10.78 0.52
10.78 10.74
10.80 0.52
10.80 10.74
10.81 0.52
10.81 10.74
10.83 0.52
10.83 10.74
10.84 0.52
10.84 10.74
10.86 0.52
10.86 10.74
10.87 0.52
10.87 10.74
10.89 0.52
10.89 10.74
10.90 0.52
10.90 10.74
10.92 0.52
10.92 10.74
10.93 0.52
10.93 10.74
10.95 0.52
10.95 10.74
10.96 0.52
10.96 10.74
10.98 0.52
10.98 10.74
10.99 0.52
10.99 10.74
11.01 0.52
11.01 10.74
11.02 0.52
11.02 10.74
11.04 0.52
11.04 10.74
11.05 0.52
11.05 10.74
11.07 0.52
11.07 10.74
11.08 0.52
11.08 10.74
11.10 0.52
11.10 10.74
11.11 0.52
11.11 10.74
11.13 0.52
11.13 10.74
11.14 0.52
11.14 10.74
11.16 0.52
11.16 10.74
11.17 0.52
11.17 10.74
11.19 0.52
11.19 10.74
11.20 0.52
11.20 10.74
11.22 0.52
11.22 10.74
11.23 0.52
11.23 10.74
11.25 0.52
11.25 10.74
11.26 0.52
11.26 10.74
11.28 0.52
11.29 0.52
11.34 10.72
11.38 0.55
11.43 10.72
11.44 10.72
11.46 0.54
11.46 10.72
11.47 0.54
11.47 10.72
11.49 0.54
11.49 10.72
11.50 0.54
11.50 10.72
11.52 0.54
11.52 10.72
11.53 0.54
11.53 10.72
11.55 0.54
11.55 10.72
11.56 0.54
11.58 0.54
11.59 0.54
11.61 0.54
11.61 0.55
11.62 0.54
11.63 10.70
11.64 0.54
11.67 0.54
11.68 0.54
11.70 0.54
11.71 0.54
11.71 10.71
11.73 0.54
11.73 10.71
11.76 10.70
11.77 10.69
11.80 0.56
11.82 10.71
11.83 10.69
11.85 10.69
11.86 10.69
11.88 10.69
11.89 0.55
11.91 0.55
11.92 0.55
11.94 0.55
11.95 0.55
11.97 10.67
12.03 0.57
12.04 10.68
12.06 10.68
12.07 10.68
12.09 10.68
12.10 10.68
12.12 0.57
12.12 10.66
12.13 0.57
12.13 10.66
12.15 0.57
12.15 10.66
12.16 0.57
12.16 10.66
12.18 0.57
12.18 10.66
12.19 0.57
12.19 10.66
12.21 0.57
12.21 10.66
12.22 0.57
12.22 10.65
12.24 0.57
12.30 10.63
12.32 0.60
12.39 10.63
12.40 0.58
12.40 10.63
12.42 0.58
12.42 10.62
12.43 0.58
12.43 10.62
12.45 10.62
12.46 10.62
12.48 10.62
12.51 0.61
12.55 10.58
12.64 10.59
12.65 0.62
12.66 10.59
12.73 0.61
12.73 10.55
12.75 0.61
12.76 0.61
12.78 0.61
12.79 0.61
12.81 10.56
12.82 10.56
12.84 10.54
12.85 10.54
12.87 0.64
12.87 10.54
12.88 10.54
12.90 10.54
12.91 10.53
12.96 0.63
12.97 0.63
12.99 0.63
12.99 10.50
13.08 0.66
13.08 10.50
13.09 10.50
13.11 10.48
13.12 10.48
13.13 10.47
13.15 10.48
13.17 10.48
13.18 0.66
13.18 10.47
13.26 10.44
13.27 0.66
13.29 0.66
13.33 0.68
13.37 0.69
13.37 10.40
13.41 10.40
13.42 0.67
13.50 0.70
13.50 10.39
13.51 10.38
13.53 10.38
13.60 0.71
13.62 10.33
13.69 0.70
13.69 10.33
13.71 10.32
13.72 10.32
13.74 10.32
13.77 0.73
13.81 10.27
13.88 0.74
13.90 10.26
13.91 10.24
13.93 10.24
13.95 10.24
13.97 0.76
14.02 10.20
14.03 10.20
14.07 0.77
14.08 0.78
14.10 0.78
14.11 10.18
14.12 0.79
14.13 10.18
14.14 10.17
14.16 10.15
14.16 10.17
14.18 0.79
14.20 0.79
14.22 0.80
14.23 0.80
14.25 10.14
14.28 10.11
14.32 0.82
14.41 0.81
14.43 0.82
14.43 10.04
14.44 0.82
14.51 0.85
14.52 10.03
14.53 10.02
14.56 9.99
14.57 9.98
14.58 0.84
14.59 0.84
14.60 9.97
14.61 0.85
14.64 9.96
14.65 9.97
14.67 9.96
14.68 9.96
14.69 0.88
14.70 9.94
14.71 9.94
14.79 0.89
14.79 9.89
14.80 0.90
14.82 0.90
14.84 0.91
14.88 9.87
14.89 9.85
14.90 0.91
14.91 9.85
14.92 0.91
14.92 9.85
14.93 0.92
14.94 9.84
14.95 0.92
15.03 9.77
15.04 0.94
15.10 9.75
15.12 9.75
15.13 0.93
15.13 9.73
15.15 0.94
15.15 9.73
15.16 0.94
15.16 9.73
15.18 0.94
15.18 9.72
15.19 0.94
15.19 9.70
15.21 0.94
15.21 9.70
15.22 0.94
15.22 9.69
15.24 0.96
15.24 9.69
15.25 0.96
15.25 9.67
15.27 0.96
15.28 0.96
15.30 0.96
15.31 0.96
15.33 0.97
15.34 0.97
15.34 9.61
15.36 0.97
15.37 0.99
15.39 0.99
15.46 9.55
15.47 1.02
15.55 1.02
15.57 1.03
15.58 1.03
15.60 1.03
15.60 9.46
15.61 1.03
15.63 1.05
15.64 1.05
15.66 1.05
15.69 9.43
15.70 9.42
15.72 9.42
15.75 1.09
15.78 9.36
15.82 1.09
15.83 9.33
15.84 1.09
15.85 1.09
15.85 9.31
15.87 1.11
15.88 1.11
15.90 1.11
15.91 1.11
15.91 9.27
15.93 1.12
16.00 9.24
16.01 1.15
16.02 1.16
16.02 9.22
16.03 9.22
16.05 9.21
16.11 1.17
16.12 1.17
16.12 9.13
16.14 1.17
16.14 9.12
16.15 1.17
16.15 9.11
16.17 1.17
16.24 1.21
16.24 9.07
16.26 9.06
16.27 9.04
16.29 9.04
16.30 9.03
16.32 9.01
16.33 1.21
16.33 9.00
16.35 1.23
16.35 9.00
16.36 1.23
16.36 8.98
16.38 1.23
16.38 8.97
16.39 1.23
16.39 8.97
16.41 1.24
16.46 8.89
16.47 8.89
16.49 1.27
16.50 1.28
16.52 8.84
16.53 8.84
16.59 1.29
16.60 1.29
16.62 1.29
16.62 8.79
16.63 1.29
16.63 8.77
16.65 1.29
16.66 8.73
16.66 8.74
16.73 1.34
16.78 8.64
16.79 8.63
16.88 1.38
16.90 8.54
16.96 1.39
16.98 1.39
16.99 1.39
16.99 8.47
17.01 1.41
17.08 1.44
17.08 8.39
17.11 8.37
17.14 1.44
17.18 8.29
17.23 1.48
17.24 8.25
17.26 8.23
17.27 8.22
17.29 8.20
17.30 1.48
17.30 8.19
17.32 1.48
17.32 8.17
17.33 1.50
17.34 1.51
17.35 1.50
17.38 1.53
17.39 8.09
17.41 1.53
17.42 1.53
17.44 1.53
17.45 1.53
17.50 7.98
17.54 1.59
17.57 7.92
17.59 7.90
17.62 1.60
17.63 1.60
17.64 7.82
17.65 1.60
17.66 1.60
17.68 1.62
17.69 1.62
17.71 1.63
17.72 1.63
17.72 7.75
17.72 7.77
17.74 1.63
17.74 7.74
17.75 1.65
17.75 7.70
17.75 7.72
17.76 7.68
17.80 7.66
17.84 1.69
17.86 7.57
17.87 7.56
17.88 7.54
17.89 7.53
17.92 1.71
17.93 1.71
17.95 1.71
17.96 1.72
17.98 1.74
17.98 7.45
18.01 7.38
18.07 1.75
18.07 7.33
18.08 1.75
18.10 1.77
18.11 1.77
18.11 7.25
18.13 1.77
18.14 1.78
18.16 1.78
18.17 1.80
18.17 7.17
18.19 1.80
18.19 7.15
18.20 1.81
18.20 7.14
18.22 1.81
18.23 1.83
18.23 7.06
18.25 1.83
18.29 6.99
18.31 6.97
18.33 1.90
18.34 6.89
18.40 1.92
18.40 6.81
18.41 6.78
18.41 6.79
18.43 6.76
18.44 6.72
18.44 6.73
18.44 6.75
18.46 6.70
18.47 6.67
18.47 6.69
18.49 2.00
18.49 6.64
18.49 6.66
18.50 6.61
18.50 6.63
18.52 6.60
18.53 6.51
18.59 6.43
18.60 2.11
18.61 6.40
18.61 6.42
18.63 6.32
18.68 2.17
18.68 6.24
18.69 2.19
18.70 6.21
18.70 6.22
18.71 6.13
18.74 6.09
18.74 6.10
18.74 6.12
18.76 6.00
18.77 2.26
18.79 2.28
18.79 2.29
18.80 2.31
18.80 2.32
18.80 5.92
18.82 5.88
18.82 5.89
18.82 5.91
18.83 5.83
18.83 5.85
18.83 5.86
18.85 5.80
18.85 5.82
18.86 2.41
18.86 5.74
18.86 5.76
18.86 5.77
18.86 5.79
18.88 5.71
18.88 5.73
18.89 5.65
18.89 5.67
18.89 5.68
18.89 5.70
18.91 2.49
18.91 5.57
18.92 2.50
18.92 2.52
18.94 2.53
18.94 2.55
18.95 2.56
18.95 2.58
18.95 5.44
18.95 5.46
18.95 5.47
18.95 5.49
18.97 2.59
18.97 2.61
18.97 5.38
18.97 5.40
18.97 5.41
18.97 5.43
18.98 2.62
18.98 5.32
18.98 5.34
18.98 5.35
18.98 5.37
18.99 2.70
19.00 5.22
19.00 5.31
19.03 2.79
19.03 2.85
19.03 5.13
19.03 5.14
19.04 5.02
19.04 5.10
19.04 5.11
19.05 2.93
19.06 4.89
19.07 2.95
19.07 2.97
19.07 2.98
19.07 3.00
19.07 3.01
19.07 4.89
19.07 4.90
19.07 4.92
19.07 4.93
19.08 3.13
19.09 3.03
19.09 3.04
19.09 4.68
19.09 4.74
19.09 4.83
19.09 4.84
19.09 4.86
19.10 3.21
19.11 3.36
19.12 3.22
19.12 3.24
19.12 3.25
19.12 3.27
19.12 3.28
19.12 4.50
19.12 4.59
19.12 4.60
19.12 4.62
19.13 3.45
19.13 3.46
19.13 3.55
19.13 4.36
19.13 4.38
19.13 4.39
19.13 4.41
19.13 4.42
19.15 3.63
19.15 3.64
19.15 3.66
19.15 3.67
19.15 3.69
19.15 3.70
19.15 3.72
19.15 3.73
19.15 3.75
19.15 3.76
19.15 3.78
19.15 3.79
19.15 3.81
19.15 3.82
19.15 3.84
19.15 3.85
19.15 3.87
19.15 3.88
19.15 3.90
19.15 3.91
19.15 3.93
19.15 3.94
19.15 3.96
19.15 3.97
19.15 3.99
19.15 4.00
19.15 4.02
19.15 4.03
19.15 4.05
19.15 4.06
19.15 4.08
19.15 4.09
19.15 4.11
19.15 4.12
19.15 4.14
19.15 4.15
19.15 4.17
19.15 4.18
19.15 4.20
19.15 4.21
19.15 4.23
19.15 4.24
19.15 4.26
19.15 4.27
19.15 4.29
19.15 4.30
19.15 4.32
19.15 4.33
19.15 4.35

# 原始高差: 681.00
# 目标高差: 10.21
# 缩放后最高点: 0.17 0.16
# 缩放后最低点: 0.16 0.01
