2.67 3.44
2.67 3.46
2.67 3.47
2.67 3.48
2.67 3.50
2.67 3.51
2.67 3.53
2.67 3.54
2.67 3.56
2.67 3.57
2.67 3.58
2.67 3.60
2.67 3.61
2.67 3.63
2.67 3.64
2.67 3.65
2.67 3.67
2.67 3.68
2.67 3.70
2.67 3.71
2.67 3.72
2.67 3.74
2.67 3.75
2.67 3.77
2.67 3.78
2.67 3.80
2.67 3.81
2.67 3.82
2.67 3.84
2.67 3.85
2.67 3.87
2.67 3.88
2.67 3.89
2.67 3.91
2.67 3.92
2.67 3.94
2.67 3.95
2.67 3.96
2.67 3.98
2.67 3.99
2.67 4.01
2.68 3.27
2.68 3.29
2.68 3.37
2.68 4.16
2.68 4.18
2.68 4.19
2.69 3.12
2.69 4.08
2.70 3.19
2.71 3.01
2.71 3.06
2.71 4.27
2.71 4.36
2.71 4.42
2.71 4.43
2.71 4.44
2.71 4.46
2.71 4.47
2.71 4.49
2.72 2.85
2.72 4.50
2.72 4.51
2.72 4.53
2.72 4.54
2.72 4.56
2.72 4.57
2.73 2.93
2.74 2.84
2.74 4.59
2.75 2.68
2.76 2.76
2.76 4.67
2.77 2.65
2.77 2.67
2.77 4.74
2.77 4.76
2.77 4.77
2.77 4.78
2.77 4.80
2.78 2.58
2.78 2.60
2.78 2.61
2.78 2.62
2.78 2.64
2.78 4.81
2.78 4.83
2.78 4.84
2.78 4.85
2.78 4.87
2.79 2.55
2.79 2.57
2.81 2.51
2.81 2.53
2.81 2.54
2.82 2.50
2.82 4.94
2.82 5.02
2.82 5.04
2.82 5.05
2.84 5.07
2.84 5.08
2.84 5.09
2.84 5.11
2.85 5.12
2.85 5.14
2.85 5.15
2.86 5.16
2.86 5.18
2.87 2.41
2.88 2.36
2.89 5.24
2.91 5.29
2.91 5.32
2.91 5.33
2.94 2.28
2.95 5.41
2.96 2.22
2.96 5.49
2.96 5.50
2.96 5.52
2.98 5.53
2.98 5.54
3.01 5.62
3.03 5.70
3.04 2.14
3.05 5.71
3.05 5.73
3.05 5.74
3.06 5.76
3.06 5.77
3.08 2.06
3.11 5.85
3.12 5.93
3.13 5.94
3.14 2.01
3.18 6.01
3.20 6.06
3.23 6.14
3.23 6.15
3.24 1.92
3.24 6.17
3.24 6.18
3.30 6.25
3.33 6.33
3.33 6.35
3.34 6.36
3.34 6.38
3.35 1.84
3.36 6.39
3.37 6.41
3.37 6.42
3.39 6.43
3.40 6.45
3.40 6.46
3.41 6.48
3.41 6.49
3.43 1.76
3.43 6.50
3.44 1.75
3.44 6.52
3.46 1.75
3.47 1.75
3.49 1.75
3.49 6.59
3.53 6.67
3.53 6.69
3.54 6.70
3.56 6.72
3.57 1.69
3.58 1.69
3.60 1.68
3.61 1.68
3.61 6.77
3.61 6.80
3.63 1.68
3.64 1.66
3.65 1.66
3.67 1.65
3.68 1.65
3.68 6.87
3.70 1.64
3.71 1.64
3.72 1.64
3.74 1.64
3.75 1.62
3.77 1.62
3.78 7.01
3.80 7.04
3.82 7.06
3.85 1.61
3.87 7.14
3.88 7.15
3.88 7.17
3.89 7.18
3.91 7.20
3.91 7.21
3.92 1.57
3.92 7.21
3.94 1.57
3.94 7.22
3.95 1.55
3.96 1.55
3.98 1.54
4.02 7.31
4.03 7.32
4.05 1.53
4.09 7.39
4.09 7.41
4.11 7.42
4.12 7.44
4.13 1.48
4.13 7.45
4.15 1.48
4.15 7.46
4.16 1.48
4.16 7.47
4.18 1.48
4.20 1.47
4.21 1.48
4.22 1.47
4.23 1.45
4.25 1.45
4.26 1.44
4.27 1.44
4.28 7.58
4.29 1.44
4.30 1.42
4.37 1.42
4.41 7.72
4.44 7.76
4.46 7.77
4.47 7.79
4.49 7.80
4.53 1.38
4.56 7.84
4.56 7.85
4.61 1.34
4.61 7.91
4.63 1.34
4.63 7.93
4.64 1.33
4.64 7.94
4.66 7.96
4.67 7.96
4.68 7.97
4.68 7.99
4.72 1.32
4.76 8.02
4.80 1.28
4.81 1.28
4.81 8.10
4.83 1.28
4.83 8.10
4.84 1.27
4.84 8.11
4.85 1.27
4.85 8.13
4.87 1.27
4.87 8.13
4.88 1.27
4.90 1.26
4.91 1.26
4.92 1.26
4.94 8.18
4.96 8.19
4.96 8.20
5.00 1.25
5.04 8.27
5.05 8.28
5.07 8.30
5.08 1.21
5.08 8.30
5.09 1.20
5.09 8.31
5.11 1.20
5.11 8.32
5.12 8.34
5.14 8.35
5.15 8.35
5.19 1.20
5.23 8.40
5.26 1.16
5.28 1.16
5.29 1.16
5.30 1.16
5.30 8.48
5.32 1.14
5.32 8.48
5.33 1.14
5.33 8.49
5.35 1.13
5.36 1.13
5.37 8.50
5.38 1.13
5.39 1.13
5.40 1.13
5.42 1.11
5.43 1.11
5.43 8.56
5.45 1.11
5.46 1.11
5.47 1.10
5.49 1.10
5.50 1.10
5.51 8.60
5.52 1.10
5.53 1.09
5.54 1.09
5.56 1.09
5.61 8.67
5.63 8.68
5.64 1.08
5.71 1.04
5.71 8.75
5.73 1.04
5.73 8.76
5.74 1.03
5.74 8.78
5.76 1.03
5.76 8.78
5.77 1.03
5.77 8.79
5.78 1.03
5.78 8.79
5.80 1.03
5.81 1.02
5.83 1.02
5.86 8.83
5.91 1.01
5.94 8.89
5.95 8.90
5.97 8.90
5.98 0.97
5.98 8.92
6.00 0.97
6.00 8.93
6.01 0.97
6.01 8.93
6.02 0.97
6.02 8.94
6.10 0.97
6.11 8.97
6.13 0.97
6.18 9.03
6.21 0.93
6.22 0.92
6.24 0.92
6.25 0.92
6.26 0.92
6.26 9.06
6.28 0.92
6.33 0.91
6.34 9.10
6.41 0.89
6.42 0.89
6.42 9.16
6.43 0.87
6.43 9.17
6.45 0.87
6.45 9.17
6.46 9.18
6.48 9.18
6.49 9.18
6.53 0.88
6.57 9.21
6.59 0.86
6.65 9.27
6.66 9.28
6.67 0.86
6.67 9.28
6.69 9.30
6.70 9.30
6.72 9.30
6.73 9.31
6.74 0.83
6.74 9.31
6.76 0.83
6.82 9.33
6.83 0.83
6.90 9.38
6.91 0.80
6.91 9.40
6.93 0.80
6.94 0.80
6.96 0.79
6.97 0.79
6.98 9.40
6.99 9.41
7.03 9.44
7.04 9.44
7.05 0.79
7.05 9.45
7.07 9.45
7.08 9.47
7.10 9.47
7.12 0.76
7.14 0.76
7.15 0.76
7.17 0.76
7.18 0.76
7.18 9.49
7.19 9.49
7.20 0.75
7.21 0.75
7.22 0.75
7.24 0.75
7.25 0.75
7.27 0.75
7.27 9.54
7.28 0.73
7.29 0.73
7.31 0.73
7.32 9.54
7.39 0.74
7.41 0.73
7.41 9.59
7.42 9.59
7.44 9.59
7.45 9.61
7.46 9.61
7.49 0.71
7.51 0.71
7.52 0.71
7.53 0.69
7.55 0.69
7.55 9.62
7.56 0.69
7.58 0.69
7.59 0.69
7.61 0.70
7.67 0.69
7.67 9.66
7.68 0.69
7.75 9.69
7.76 0.66
7.77 0.66
7.79 0.66
7.80 0.66
7.83 9.73
7.84 9.73
7.86 9.73
7.87 9.75
7.88 0.67
7.89 9.75
7.90 9.75
7.91 9.76
7.93 9.76
7.94 9.76
7.96 0.65
7.96 9.76
7.97 0.65
7.99 0.63
8.00 0.63
8.01 0.63
8.03 0.63
8.03 9.77
8.04 0.63
8.06 0.63
8.11 9.81
8.13 9.81
8.14 0.64
8.14 9.82
8.15 9.82
8.17 9.83
8.18 9.83
8.20 9.83
8.21 9.83
8.23 9.83
8.24 9.85
8.25 9.85
8.26 0.63
8.27 9.85
8.28 9.85
8.30 9.86
8.34 0.61
8.35 0.61
8.37 0.61
8.37 9.86
8.38 0.61
8.39 0.59
8.43 0.61
8.44 9.89
8.45 9.89
8.47 9.89
8.48 9.90
8.49 0.59
8.49 9.90
8.57 0.60
8.58 9.90
8.65 0.58
8.65 9.93
8.66 9.93
8.68 9.95
8.69 9.95
8.71 9.95
8.72 0.59
8.72 9.95
8.73 9.95
8.80 0.56
8.82 0.56
8.82 9.95
8.82 9.96
8.83 0.56
8.89 9.97
8.91 0.57
8.96 9.99
8.97 9.99
8.99 0.55
8.99 10.00
9.00 0.55
9.00 10.00
9.08 0.56
9.08 10.00
9.16 0.54
9.16 10.02
9.17 0.54
9.17 10.03
9.18 0.54
9.18 10.03
9.20 0.54
9.20 10.03
9.21 0.54
9.21 10.03
9.23 0.54
9.23 10.03
9.24 0.54
9.31 10.03
9.32 0.55
9.38 10.05
9.40 0.52
9.40 10.05
9.41 0.52
9.41 10.05
9.42 0.52
9.42 10.06
9.44 0.52
9.44 10.06
9.45 0.52
9.45 10.06
9.47 0.52
9.47 10.06
9.48 0.52
9.48 10.06
9.50 0.52
9.51 0.52
9.52 0.52
9.56 10.05
9.60 0.52
9.64 10.07
9.65 0.51
9.65 10.07
9.68 0.51
9.69 0.51
9.71 0.51
9.72 0.51
9.72 0.52
9.73 0.51
9.73 10.07
9.75 0.51
9.76 0.51
9.77 0.52
9.78 0.51
9.79 0.51
9.81 0.51
9.81 10.09
9.82 0.51
9.82 10.09
9.83 10.09
9.85 0.51
9.85 10.09
9.86 0.51
9.86 10.09
9.88 0.51
9.88 10.09
9.89 0.51
9.89 10.09
9.90 0.51
9.90 10.09
9.92 0.51
9.93 0.51
9.98 10.08
10.01 0.51
10.06 10.10
10.07 10.10
10.09 0.49
10.09 10.10
10.10 0.49
10.10 10.10
10.12 0.49
10.12 10.10
10.13 0.49
10.13 10.10
10.14 0.49
10.14 10.10
10.16 0.49
10.16 10.10
10.17 0.49
10.17 10.10
10.19 0.49
10.19 10.10
10.20 0.49
10.20 10.10
10.21 0.49
10.21 10.10
10.23 0.49
10.23 10.10
10.24 0.49
10.24 10.10
10.26 0.49
10.26 10.10
10.27 0.49
10.27 10.10
10.29 0.49
10.29 10.10
10.30 0.49
10.30 10.10
10.31 0.49
10.31 10.10
10.33 0.49
10.33 10.10
10.34 0.49
10.34 10.10
10.36 0.49
10.36 10.10
10.37 0.49
10.37 10.10
10.38 0.49
10.38 10.10
10.40 0.49
10.40 10.10
10.41 0.49
10.41 10.10
10.43 0.49
10.43 10.10
10.44 0.49
10.44 10.10
10.45 0.49
10.45 10.10
10.47 0.49
10.47 10.10
10.48 0.49
10.48 10.10
10.50 0.49
10.50 10.10
10.51 0.49
10.51 10.10
10.53 0.49
10.53 10.10
10.54 0.49
10.54 10.10
10.55 0.49
10.55 10.10
10.57 0.49
10.57 10.10
10.58 0.49
10.58 10.10
10.60 0.49
10.60 10.10
10.61 0.49
10.62 0.49
10.67 10.08
10.71 0.52
10.75 10.09
10.76 10.09
10.78 0.51
10.78 10.09
10.79 0.51
10.79 10.09
10.81 0.51
10.81 10.09
10.82 0.51
10.82 10.09
10.84 0.51
10.84 10.09
10.85 0.51
10.85 10.09
10.86 0.51
10.86 10.09
10.88 0.51
10.89 0.51
10.91 0.51
10.92 0.51
10.93 0.51
10.93 0.52
10.94 10.07
10.95 0.51
10.98 0.51
10.99 0.51
11.00 0.51
11.02 0.51
11.02 10.07
11.03 0.51
11.03 10.07
11.06 10.06
11.08 10.06
11.11 0.52
11.12 10.07
11.13 10.06
11.15 10.06
11.16 10.06
11.17 10.06
11.19 0.52
11.20 0.52
11.22 0.52
11.23 0.52
11.24 0.52
11.26 10.04
11.32 0.54
11.33 10.05
11.34 10.05
11.36 10.05
11.37 10.05
11.39 10.05
11.40 0.54
11.40 10.03
11.41 0.54
11.41 10.03
11.43 0.54
11.43 10.03
11.44 0.54
11.44 10.03
11.46 0.54
11.46 10.03
11.47 0.54
11.47 10.03
11.48 0.54
11.48 10.03
11.50 0.54
11.50 10.02
11.51 0.54
11.58 10.00
11.59 0.56
11.65 10.00
11.67 0.55
11.67 10.00
11.68 0.55
11.68 9.99
11.70 0.55
11.70 9.99
11.71 9.99
11.72 9.99
11.74 9.99
11.77 0.57
11.81 9.96
11.89 9.96
11.90 0.58
11.91 9.96
11.98 0.58
11.98 9.93
11.99 0.58
12.01 0.58
12.02 0.58
12.03 0.58
12.05 9.93
12.06 9.93
12.08 9.92
12.09 9.92
12.11 0.60
12.11 9.92
12.12 9.92
12.13 9.92
12.15 9.90
12.19 0.59
12.20 0.59
12.22 0.59
12.22 9.88
12.30 0.62
12.30 9.88
12.32 9.88
12.33 9.86
12.35 9.86
12.36 9.85
12.37 9.86
12.39 9.86
12.40 0.62
12.40 9.85
12.47 9.82
12.49 0.62
12.50 0.62
12.54 0.64
12.58 0.65
12.58 9.79
12.62 9.78
12.63 0.63
12.70 0.66
12.70 9.78
12.71 9.76
12.73 9.76
12.80 0.67
12.81 9.72
12.88 0.66
12.88 9.72
12.90 9.71
12.91 9.71
12.92 9.71
12.96 0.68
12.99 9.67
13.06 0.70
13.08 9.64
13.08 9.65
13.11 9.64
13.12 9.64
13.15 0.71
13.19 9.60
13.20 9.60
13.24 0.73
13.25 0.73
13.27 0.73
13.28 0.74
13.28 9.58
13.29 9.58
13.30 9.57
13.32 9.55
13.32 9.57
13.34 0.74
13.36 0.75
13.37 0.75
13.38 0.75
13.40 9.54
13.44 9.51
13.47 0.77
13.56 0.76
13.57 0.78
13.58 9.45
13.59 0.78
13.65 0.80
13.66 9.44
13.67 9.42
13.70 9.40
13.71 0.79
13.71 9.39
13.73 0.79
13.73 9.38
13.74 0.80
13.77 9.37
13.78 9.38
13.80 9.37
13.81 9.37
13.83 0.83
13.83 9.35
13.84 9.35
13.91 9.31
13.92 0.84
13.93 0.84
13.94 0.85
13.96 0.85
14.00 9.28
14.01 9.27
14.02 0.86
14.02 9.27
14.03 0.86
14.04 9.27
14.05 0.86
14.05 9.26
14.06 0.87
14.14 9.20
14.15 0.88
14.21 9.17
14.22 9.17
14.24 0.87
14.24 9.16
14.25 0.89
14.25 9.16
14.26 0.89
14.26 9.16
14.28 0.89
14.28 9.14
14.29 0.89
14.29 9.13
14.31 0.89
14.31 9.13
14.32 0.89
14.32 9.11
14.33 0.90
14.33 9.11
14.35 0.90
14.35 9.10
14.36 0.90
14.38 0.90
14.39 0.90
14.40 0.90
14.42 0.92
14.43 0.92
14.43 9.04
14.45 0.92
14.46 0.93
14.48 0.93
14.55 0.96
14.55 8.98
14.63 0.96
14.64 0.97
14.66 0.97
14.67 0.97
14.68 8.90
14.69 0.97
14.70 0.99
14.72 0.99
14.73 0.99
14.76 8.87
14.77 8.86
14.79 8.86
14.81 1.02
14.85 8.80
14.88 1.03
14.89 8.78
14.90 1.03
14.91 1.03
14.91 8.76
14.93 1.04
14.94 1.04
14.96 1.04
14.97 1.04
14.97 8.73
14.98 1.06
15.05 8.69
15.06 1.09
15.07 1.09
15.07 8.68
15.08 8.68
15.10 8.66
15.15 1.10
15.17 1.10
15.17 8.59
15.18 1.10
15.19 8.58
15.20 1.10
15.20 8.57
15.21 1.10
15.28 1.14
15.28 8.54
15.29 8.52
15.31 8.51
15.32 8.51
15.34 8.49
15.35 8.48
15.36 1.14
15.36 8.47
15.38 1.16
15.38 8.47
15.39 1.16
15.39 8.45
15.41 1.16
15.41 8.44
15.42 1.16
15.42 8.44
15.43 1.17
15.49 8.36
15.51 1.20
15.52 1.20
15.55 8.32
15.60 1.21
15.62 1.21
15.63 1.21
15.63 8.27
15.65 1.21
15.65 8.25
15.66 1.21
15.67 8.22
15.68 8.22
15.74 1.26
15.79 8.12
15.79 8.13
15.80 8.12
15.88 1.30
15.90 8.03
15.96 1.31
15.97 1.31
15.99 1.31
15.99 7.97
16.00 1.33
16.07 1.35
16.07 7.89
16.10 7.87
16.13 1.35
16.16 7.80
16.21 1.40
16.22 7.76
16.24 7.75
16.25 7.73
16.27 7.72
16.28 1.40
16.28 7.70
16.30 1.40
16.30 7.69
16.31 1.41
16.31 1.42
16.32 1.41
16.36 1.44
16.36 7.61
16.38 1.44
16.39 1.44
16.41 1.44
16.42 1.44
16.47 7.51
16.50 1.49
16.54 7.45
16.55 7.44
16.58 1.51
16.59 1.51
16.60 7.36
16.61 1.51
16.62 1.51
16.63 1.52
16.65 1.52
16.66 1.54
16.68 1.54
16.68 7.29
16.68 7.31
16.69 1.54
16.69 7.28
16.70 1.55
16.70 7.24
16.70 7.27
16.71 7.23
16.75 7.21
16.79 1.59
16.80 7.13
16.81 7.11
16.83 7.09
16.83 7.10
16.86 1.61
16.87 1.61
16.89 1.61
16.90 1.62
16.92 1.64
16.92 7.01
16.94 6.95
17.00 1.65
17.00 6.90
17.02 1.65
17.03 1.66
17.04 1.66
17.04 6.82
17.06 1.66
17.07 1.68
17.09 1.68
17.10 1.69
17.10 6.74
17.11 1.69
17.11 6.73
17.13 1.71
17.13 6.72
17.14 1.71
17.15 6.64
17.16 1.72
17.17 1.72
17.21 6.57
17.23 6.56
17.25 1.78
17.25 6.48
17.31 1.81
17.31 6.41
17.33 6.38
17.33 6.39
17.34 6.36
17.35 6.32
17.35 6.33
17.35 6.35
17.37 6.31
17.38 6.28
17.38 6.29
17.39 1.88
17.40 6.25
17.40 6.26
17.41 6.22
17.41 6.24
17.42 6.21
17.44 6.13
17.49 6.05
17.50 1.98
17.51 6.02
17.51 6.04
17.53 5.95
17.58 2.05
17.58 2.06
17.58 5.87
17.59 5.84
17.59 5.86
17.61 5.77
17.64 5.73
17.64 5.74
17.64 5.76
17.65 5.65
17.66 2.13
17.68 2.14
17.68 2.16
17.69 2.17
17.69 2.19
17.69 5.57
17.71 5.53
17.71 5.54
17.71 5.56
17.72 5.49
17.72 5.50
17.72 5.52
17.73 5.46
17.73 5.47
17.74 2.27
17.75 5.40
17.75 5.42
17.75 5.43
17.75 5.45
17.76 5.38
17.76 5.39
17.78 5.32
17.78 5.33
17.78 5.35
17.78 5.36
17.79 2.34
17.79 5.24
17.81 2.36
17.81 2.37
17.82 2.38
17.82 2.40
17.83 2.41
17.83 2.43
17.83 5.12
17.83 5.14
17.83 5.15
17.83 5.16
17.85 2.44
17.85 2.45
17.85 5.07
17.85 5.08
17.85 5.09
17.85 5.11
17.86 2.47
17.86 5.01
17.86 5.02
17.86 5.04
17.86 5.05
17.87 2.54
17.88 4.91
17.88 4.99
17.90 2.62
17.90 4.83
17.90 4.84
17.91 2.68
17.91 4.72
17.92 4.80
17.92 4.81
17.93 2.76
17.94 4.60
17.95 2.78
17.95 2.79
17.95 2.81
17.95 2.82
17.95 2.84
17.95 2.94
17.95 4.60
17.95 4.61
17.95 4.63
17.95 4.64
17.96 2.85
17.96 2.86
17.96 4.40
17.96 4.46
17.96 4.54
17.96 4.56
17.96 4.57
17.97 3.02
17.98 3.16
17.98 4.24
17.99 3.03
17.99 3.05
17.99 3.06
17.99 3.08
17.99 3.09
17.99 4.32
17.99 4.33
17.99 4.35
18.00 3.24
18.00 3.26
18.00 3.34
18.00 4.11
18.00 4.12
18.00 4.13
18.00 4.15
18.00 4.16
18.02 3.41
18.02 3.43
18.02 3.44
18.02 3.46
18.02 3.47
18.02 3.48
18.02 3.50
18.02 3.51
18.02 3.53
18.02 3.54
18.02 3.56
18.02 3.57
18.02 3.58
18.02 3.60
18.02 3.61
18.02 3.63
18.02 3.64
18.02 3.65
18.02 3.67
18.02 3.68
18.02 3.70
18.02 3.71
18.02 3.72
18.02 3.74
18.02 3.75
18.02 3.77
18.02 3.78
18.02 3.80
18.02 3.81
18.02 3.82
18.02 3.84
18.02 3.85
18.02 3.87
18.02 3.88
18.02 3.89
18.02 3.91
18.02 3.92
18.02 3.94
18.02 3.95
18.02 3.96
18.02 3.98
18.02 3.99
18.02 4.01
18.02 4.02
18.02 4.04
18.02 4.05
18.02 4.06
18.02 4.08
18.02 4.09

# 原始高差: 681.00
# 目标高差: 9.61
# 缩放后最高点: 0.15 0.14
# 缩放后最低点: 0.14 0.01
